 Description of all states and destinations

 ****
0 [ 0.  0.  0.  0.  0.  0.  0.  0.  0.  0.]
1 [ 0.  0.  0.  0.  0.  1.  0.  0.  0.  0.]
2 [ 0.  1.  1.  1.  1.  0. -1. -1. -1. -1.]
3 [ 0.  1.  1.  1.  1.  1. -1. -1. -1. -1.]
4 [ 0.  2.  2.  2.  2.  0. -1. -1. -1. -1.]
5 [ 0.  2.  2.  2.  2.  1. -1. -1. -1. -1.]
6 [ 1.  0.  0.  0.  0. -1.  1.  1.  1.  1.]
7 [ 1.  0.  0.  0.  0.  0.  1.  1.  1.  1.]
8 [ 1.  0.  0.  0.  0.  1.  1.  1.  1.  1.]
9 [ 1.  1.  1.  1.  1. -1. -1. -1. -1. -1.]
10 [ 1.  1.  1.  1.  1. -1.  0.  0.  0.  0.]
11 [ 1.  1.  1.  1.  1. -1.  1.  1.  1.  1.]
12 [ 1.  1.  1.  1.  1.  0. -1. -1. -1. -1.]
13 [ 1.  1.  1.  1.  1.  0.  0.  0.  0.  0.]
14 [ 1.  1.  1.  1.  1.  0.  1.  1.  1.  1.]
15 [ 1.  1.  1.  1.  1.  1. -1. -1. -1. -1.]
16 [ 1.  1.  1.  1.  1.  1.  0.  0.  0.  0.]
17 [ 1.  1.  1.  1.  1.  1.  1.  1.  1.  1.]
18 [ 1.  2.  2.  2.  2. -1. -1. -1. -1. -1.]
19 [ 1.  2.  2.  2.  2. -1.  0.  0.  0.  0.]
20 [ 1.  2.  2.  2.  2.  0. -1. -1. -1. -1.]
21 [ 1.  2.  2.  2.  2.  0.  0.  0.  0.  0.]
22 [ 1.  2.  2.  2.  2.  1. -1. -1. -1. -1.]
23 [ 1.  2.  2.  2.  2.  1.  0.  0.  0.  0.]
24 [ 2.  0.  0.  0.  0. -1.  1.  1.  1.  1.]
25 [ 2.  0.  0.  0.  0.  0.  1.  1.  1.  1.]
26 [ 2.  1.  1.  1.  1. -1. -1. -1. -1. -1.]
27 [ 2.  1.  1.  1.  1. -1.  0.  0.  0.  0.]
28 [ 2.  1.  1.  1.  1. -1.  1.  1.  1.  1.]
29 [ 2.  1.  1.  1.  1.  0. -1. -1. -1. -1.]
30 [ 2.  1.  1.  1.  1.  0.  0.  0.  0.  0.]
31 [ 2.  1.  1.  1.  1.  0.  1.  1.  1.  1.]
32 [ 2.  2.  2.  2.  2. -1. -1. -1. -1. -1.]
33 [ 2.  2.  2.  2.  2. -1.  0.  0.  0.  0.]
34 [ 2.  2.  2.  2.  2.  0. -1. -1. -1. -1.]
35 [ 2.  2.  2.  2.  2.  0.  0.  0.  0.  0.]
 ****

State 24 [ 2.  0.  0.  0.  0. -1.  1.  1.  1.  1.]
As origin
	tr: [-1.  1.  1.  1.  1.  0. -1. -1. -1. -1.]    -->      dest: 10
	tr: [-1.  1.  1.  1.  1.  0.  0.  0.  0.  0.]    -->      dest: 11


As destination

-------------------------------

State 2 [ 0.  1.  1.  1.  1.  0. -1. -1. -1. -1.]
As origin
	tr: [ 0. -1. -1. -1. -1.  0.  1.  1.  1.  1.]    -->      dest: 0
	tr: [ 0.  0.  0.  0.  0.  0.  0.  0.  0.  0.]    -->      dest: 2
	tr: [ 0.  0.  0.  0.  0.  1.  0.  0.  0.  0.]    -->      dest: 3


As destination
	tr: [ 0.  0.  0.  0.  0.  0.  0.  0.  0.  0.]    <--      orig: 2
	tr: [ 0.  0.  0.  0.  0. -1.  0.  0.  0.  0.]    <--      orig: 3
	tr: [ 0. -1. -1. -1. -1.  0.  0.  0.  0.  0.]    <--      orig: 4
	tr: [-1.  0.  0.  0.  0.  1.  0.  0.  0.  0.]    <--      orig: 9
	tr: [-1.  0.  0.  0.  0.  1. -1. -1. -1. -1.]    <--      orig: 10
	tr: [-1. -1. -1. -1. -1.  1.  0.  0.  0.  0.]    <--      orig: 18

-------------------------------

State 5 [ 0.  2.  2.  2.  2.  1. -1. -1. -1. -1.]
As origin
	tr: [ 1. -1. -1. -1. -1.  0.  0.  0.  0.  0.]    -->      dest: 15
	tr: [ 1. -1. -1. -1. -1.  0.  1.  1.  1.  1.]    -->      dest: 16


As destination

-------------------------------

State 28 [ 2.  1.  1.  1.  1. -1.  1.  1.  1.  1.]
As origin
	tr: [-1.  0.  0.  0.  0.  0. -1. -1. -1. -1.]    -->      dest: 10
	tr: [-1.  0.  0.  0.  0.  0.  0.  0.  0.  0.]    -->      dest: 11
	tr: [-1.  1.  1.  1.  1.  0. -1. -1. -1. -1.]    -->      dest: 19
	tr: [ 0.  0.  0.  0.  0.  1.  0.  0.  0.  0.]    -->      dest: 31


As destination
	tr: [ 0.  0.  0.  0.  0. -1.  0.  0.  0.  0.]    <--      orig: 31

-------------------------------

State 7 [ 1.  0.  0.  0.  0.  0.  1.  1.  1.  1.]
As origin
	tr: [ 0.  1.  1.  1.  1.  0. -1. -1. -1. -1.]    -->      dest: 13
	tr: [ 0.  1.  1.  1.  1.  0.  0.  0.  0.  0.]    -->      dest: 14


As destination

-------------------------------

State 9 [ 1.  1.  1.  1.  1. -1. -1. -1. -1. -1.]
As origin
	tr: [-1. -1. -1. -1. -1.  1.  1.  1.  1.  1.]    -->      dest: 0
	tr: [-1.  0.  0.  0.  0.  1.  0.  0.  0.  0.]    -->      dest: 2
	tr: [ 0.  0.  0.  0.  0.  0.  0.  0.  0.  0.]    -->      dest: 9
	tr: [ 0.  0.  0.  0.  0.  0.  1.  1.  1.  1.]    -->      dest: 10
	tr: [ 0.  0.  0.  0.  0.  1.  0.  0.  0.  0.]    -->      dest: 12


As destination
	tr: [ 0.  0.  0.  0.  0.  0.  0.  0.  0.  0.]    <--      orig: 9
	tr: [ 0.  0.  0.  0.  0.  0. -1. -1. -1. -1.]    <--      orig: 10
	tr: [ 0.  0.  0.  0.  0. -1.  0.  0.  0.  0.]    <--      orig: 12
	tr: [ 0. -1. -1. -1. -1.  0.  0.  0.  0.  0.]    <--      orig: 18
	tr: [-1.  0.  0.  0.  0.  0.  0.  0.  0.  0.]    <--      orig: 26
	tr: [-1.  0.  0.  0.  0.  0. -1. -1. -1. -1.]    <--      orig: 27
	tr: [-1. -1. -1. -1. -1.  0.  0.  0.  0.  0.]    <--      orig: 32

-------------------------------

State 26 [ 2.  1.  1.  1.  1. -1. -1. -1. -1. -1.]
As origin
	tr: [-1.  0.  0.  0.  0.  0.  0.  0.  0.  0.]    -->      dest: 9
	tr: [-1.  0.  0.  0.  0.  0.  1.  1.  1.  1.]    -->      dest: 10
	tr: [ 0.  0.  0.  0.  0.  1.  0.  0.  0.  0.]    -->      dest: 29


As destination
	tr: [ 0.  0.  0.  0.  0. -1.  0.  0.  0.  0.]    <--      orig: 29

-------------------------------

State 20 [ 1.  2.  2.  2.  2.  0. -1. -1. -1. -1.]
As origin
	tr: [ 0. -1. -1. -1. -1.  0.  0.  0.  0.  0.]    -->      dest: 12
	tr: [ 0. -1. -1. -1. -1.  0.  1.  1.  1.  1.]    -->      dest: 13


As destination
	tr: [ 0.  0.  0.  0.  0.  0. -1. -1. -1. -1.]    <--      orig: 21

-------------------------------

State 11 [ 1.  1.  1.  1.  1. -1.  1.  1.  1.  1.]
As origin
	tr: [ 0.  0.  0.  0.  0.  0. -1. -1. -1. -1.]    -->      dest: 10
	tr: [ 0.  0.  0.  0.  0.  0.  0.  0.  0.  0.]    -->      dest: 11
	tr: [ 0.  0.  0.  0.  0.  1.  0.  0.  0.  0.]    -->      dest: 14
	tr: [ 0.  1.  1.  1.  1.  0. -1. -1. -1. -1.]    -->      dest: 19


As destination
	tr: [ 0.  1.  1.  1.  1.  0.  0.  0.  0.  0.]    <--      orig: 6
	tr: [ 0.  0.  0.  0.  0.  0.  1.  1.  1.  1.]    <--      orig: 10
	tr: [ 0.  0.  0.  0.  0.  0.  0.  0.  0.  0.]    <--      orig: 11
	tr: [ 0.  0.  0.  0.  0. -1.  0.  0.  0.  0.]    <--      orig: 14
	tr: [-1.  1.  1.  1.  1.  0.  0.  0.  0.  0.]    <--      orig: 24
	tr: [-1.  0.  0.  0.  0.  0.  1.  1.  1.  1.]    <--      orig: 27
	tr: [-1.  0.  0.  0.  0.  0.  0.  0.  0.  0.]    <--      orig: 28

-------------------------------

State 33 [ 2.  2.  2.  2.  2. -1.  0.  0.  0.  0.]
As origin
	tr: [-1.  0.  0.  0.  0.  0. -1. -1. -1. -1.]    -->      dest: 18
	tr: [-1.  0.  0.  0.  0.  0.  0.  0.  0.  0.]    -->      dest: 19
	tr: [ 0.  0.  0.  0.  0.  1.  0.  0.  0.  0.]    -->      dest: 35


As destination
	tr: [ 0.  0.  0.  0.  0. -1.  0.  0.  0.  0.]    <--      orig: 35

-------------------------------

State 35 [ 2.  2.  2.  2.  2.  0.  0.  0.  0.  0.]
As origin
	tr: [ 0.  0.  0.  0.  0. -1.  0.  0.  0.  0.]    -->      dest: 33
	tr: [ 0.  0.  0.  0.  0.  0. -1. -1. -1. -1.]    -->      dest: 34
	tr: [ 0.  0.  0.  0.  0.  0.  0.  0.  0.  0.]    -->      dest: 35


As destination
	tr: [ 1.  1.  1.  1.  1. -1. -1. -1. -1. -1.]    <--      orig: 17
	tr: [ 1.  0.  0.  0.  0. -1.  0.  0.  0.  0.]    <--      orig: 23
	tr: [ 0.  1.  1.  1.  1.  0. -1. -1. -1. -1.]    <--      orig: 31
	tr: [ 0.  0.  0.  0.  0.  1.  0.  0.  0.  0.]    <--      orig: 33
	tr: [ 0.  0.  0.  0.  0.  0.  0.  0.  0.  0.]    <--      orig: 35

-------------------------------

State 10 [ 1.  1.  1.  1.  1. -1.  0.  0.  0.  0.]
As origin
	tr: [-1.  0.  0.  0.  0.  1. -1. -1. -1. -1.]    -->      dest: 2
	tr: [ 0.  0.  0.  0.  0.  0. -1. -1. -1. -1.]    -->      dest: 9
	tr: [ 0.  0.  0.  0.  0.  0.  0.  0.  0.  0.]    -->      dest: 10
	tr: [ 0.  0.  0.  0.  0.  0.  1.  1.  1.  1.]    -->      dest: 11
	tr: [ 0.  0.  0.  0.  0.  1.  0.  0.  0.  0.]    -->      dest: 13


As destination
	tr: [ 0.  1.  1.  1.  1.  0. -1. -1. -1. -1.]    <--      orig: 6
	tr: [ 0.  0.  0.  0.  0.  0.  1.  1.  1.  1.]    <--      orig: 9
	tr: [ 0.  0.  0.  0.  0.  0.  0.  0.  0.  0.]    <--      orig: 10
	tr: [ 0.  0.  0.  0.  0.  0. -1. -1. -1. -1.]    <--      orig: 11
	tr: [ 0.  0.  0.  0.  0. -1.  0.  0.  0.  0.]    <--      orig: 13
	tr: [ 0. -1. -1. -1. -1.  0.  1.  1.  1.  1.]    <--      orig: 18
	tr: [-1.  1.  1.  1.  1.  0. -1. -1. -1. -1.]    <--      orig: 24
	tr: [-1.  0.  0.  0.  0.  0.  1.  1.  1.  1.]    <--      orig: 26
	tr: [-1.  0.  0.  0.  0.  0.  0.  0.  0.  0.]    <--      orig: 27
	tr: [-1.  0.  0.  0.  0.  0. -1. -1. -1. -1.]    <--      orig: 28
	tr: [-1. -1. -1. -1. -1.  0.  1.  1.  1.  1.]    <--      orig: 32

-------------------------------

State 27 [ 2.  1.  1.  1.  1. -1.  0.  0.  0.  0.]
As origin
	tr: [-1.  0.  0.  0.  0.  0. -1. -1. -1. -1.]    -->      dest: 9
	tr: [-1.  0.  0.  0.  0.  0.  0.  0.  0.  0.]    -->      dest: 10
	tr: [-1.  0.  0.  0.  0.  0.  1.  1.  1.  1.]    -->      dest: 11
	tr: [ 0.  0.  0.  0.  0.  1.  0.  0.  0.  0.]    -->      dest: 30


As destination
	tr: [ 0.  0.  0.  0.  0. -1.  0.  0.  0.  0.]    <--      orig: 30

-------------------------------

State 25 [ 2.  0.  0.  0.  0.  0.  1.  1.  1.  1.]
As origin
	tr: [ 0.  1.  1.  1.  1.  0. -1. -1. -1. -1.]    -->      dest: 30
	tr: [ 0.  1.  1.  1.  1.  0.  0.  0.  0.  0.]    -->      dest: 31


As destination

-------------------------------

State 1 [ 0.  0.  0.  0.  0.  1.  0.  0.  0.  0.]
As origin
	tr: [ 0.  0.  0.  0.  0. -1.  0.  0.  0.  0.]    -->      dest: 0
	tr: [ 1.  0.  0.  0.  0.  0.  1.  1.  1.  1.]    -->      dest: 8


As destination
	tr: [ 0.  0.  0.  0.  0.  1.  0.  0.  0.  0.]    <--      orig: 0

-------------------------------

State 22 [ 1.  2.  2.  2.  2.  1. -1. -1. -1. -1.]
As origin
	tr: [ 0. -1. -1. -1. -1.  0.  0.  0.  0.  0.]    -->      dest: 15
	tr: [ 0. -1. -1. -1. -1.  0.  1.  1.  1.  1.]    -->      dest: 16
	tr: [ 1. -1. -1. -1. -1. -1.  0.  0.  0.  0.]    -->      dest: 29
	tr: [ 1. -1. -1. -1. -1. -1.  1.  1.  1.  1.]    -->      dest: 30


As destination
	tr: [ 0.  0.  0.  0.  0.  0. -1. -1. -1. -1.]    <--      orig: 23

-------------------------------

State 0 [ 0.  0.  0.  0.  0.  0.  0.  0.  0.  0.]
As origin
	tr: [ 0.  0.  0.  0.  0.  0.  0.  0.  0.  0.]    -->      dest: 0
	tr: [ 0.  0.  0.  0.  0.  1.  0.  0.  0.  0.]    -->      dest: 1


As destination
	tr: [ 0.  0.  0.  0.  0.  0.  0.  0.  0.  0.]    <--      orig: 0
	tr: [ 0.  0.  0.  0.  0. -1.  0.  0.  0.  0.]    <--      orig: 1
	tr: [ 0. -1. -1. -1. -1.  0.  1.  1.  1.  1.]    <--      orig: 2
	tr: [-1. -1. -1. -1. -1.  1.  1.  1.  1.  1.]    <--      orig: 9

-------------------------------

State 8 [ 1.  0.  0.  0.  0.  1.  1.  1.  1.  1.]
As origin
	tr: [ 0.  1.  1.  1.  1.  0. -1. -1. -1. -1.]    -->      dest: 16
	tr: [ 0.  1.  1.  1.  1.  0.  0.  0.  0.  0.]    -->      dest: 17
	tr: [ 1.  1.  1.  1.  1. -1. -1. -1. -1. -1.]    -->      dest: 30
	tr: [ 1.  1.  1.  1.  1. -1.  0.  0.  0.  0.]    -->      dest: 31


As destination
	tr: [ 1.  0.  0.  0.  0.  0.  1.  1.  1.  1.]    <--      orig: 1

-------------------------------

State 14 [ 1.  1.  1.  1.  1.  0.  1.  1.  1.  1.]
As origin
	tr: [ 0.  0.  0.  0.  0. -1.  0.  0.  0.  0.]    -->      dest: 11
	tr: [ 0.  0.  0.  0.  0.  0. -1. -1. -1. -1.]    -->      dest: 13
	tr: [ 0.  0.  0.  0.  0.  0.  0.  0.  0.  0.]    -->      dest: 14
	tr: [ 0.  0.  0.  0.  0.  1.  0.  0.  0.  0.]    -->      dest: 17
	tr: [ 0.  1.  1.  1.  1.  0. -1. -1. -1. -1.]    -->      dest: 21


As destination
	tr: [ 0.  1.  1.  1.  1.  0.  0.  0.  0.  0.]    <--      orig: 7
	tr: [ 0.  0.  0.  0.  0.  1.  0.  0.  0.  0.]    <--      orig: 11
	tr: [ 0.  0.  0.  0.  0.  0.  1.  1.  1.  1.]    <--      orig: 13
	tr: [ 0.  0.  0.  0.  0.  0.  0.  0.  0.  0.]    <--      orig: 14
	tr: [ 0.  0.  0.  0.  0. -1.  0.  0.  0.  0.]    <--      orig: 17

-------------------------------

State 18 [ 1.  2.  2.  2.  2. -1. -1. -1. -1. -1.]
As origin
	tr: [-1. -1. -1. -1. -1.  1.  0.  0.  0.  0.]    -->      dest: 2
	tr: [ 0. -1. -1. -1. -1.  0.  0.  0.  0.  0.]    -->      dest: 9
	tr: [ 0. -1. -1. -1. -1.  0.  1.  1.  1.  1.]    -->      dest: 10


As destination
	tr: [ 0.  0.  0.  0.  0.  0. -1. -1. -1. -1.]    <--      orig: 19
	tr: [-1.  0.  0.  0.  0.  0. -1. -1. -1. -1.]    <--      orig: 33

-------------------------------

State 31 [ 2.  1.  1.  1.  1.  0.  1.  1.  1.  1.]
As origin
	tr: [ 0.  0.  0.  0.  0. -1.  0.  0.  0.  0.]    -->      dest: 28
	tr: [ 0.  0.  0.  0.  0.  0. -1. -1. -1. -1.]    -->      dest: 30
	tr: [ 0.  0.  0.  0.  0.  0.  0.  0.  0.  0.]    -->      dest: 31
	tr: [ 0.  1.  1.  1.  1.  0. -1. -1. -1. -1.]    -->      dest: 35


As destination
	tr: [ 1.  1.  1.  1.  1. -1.  0.  0.  0.  0.]    <--      orig: 8
	tr: [ 1.  0.  0.  0.  0. -1.  1.  1.  1.  1.]    <--      orig: 16
	tr: [ 1.  0.  0.  0.  0. -1.  0.  0.  0.  0.]    <--      orig: 17
	tr: [ 0.  1.  1.  1.  1.  0.  0.  0.  0.  0.]    <--      orig: 25
	tr: [ 0.  0.  0.  0.  0.  1.  0.  0.  0.  0.]    <--      orig: 28
	tr: [ 0.  0.  0.  0.  0.  0.  1.  1.  1.  1.]    <--      orig: 30
	tr: [ 0.  0.  0.  0.  0.  0.  0.  0.  0.  0.]    <--      orig: 31

-------------------------------

State 13 [ 1.  1.  1.  1.  1.  0.  0.  0.  0.  0.]
As origin
	tr: [ 0.  0.  0.  0.  0. -1.  0.  0.  0.  0.]    -->      dest: 10
	tr: [ 0.  0.  0.  0.  0.  0. -1. -1. -1. -1.]    -->      dest: 12
	tr: [ 0.  0.  0.  0.  0.  0.  0.  0.  0.  0.]    -->      dest: 13
	tr: [ 0.  0.  0.  0.  0.  0.  1.  1.  1.  1.]    -->      dest: 14
	tr: [ 0.  0.  0.  0.  0.  1.  0.  0.  0.  0.]    -->      dest: 16


As destination
	tr: [ 0.  1.  1.  1.  1.  0. -1. -1. -1. -1.]    <--      orig: 7
	tr: [ 0.  0.  0.  0.  0.  1.  0.  0.  0.  0.]    <--      orig: 10
	tr: [ 0.  0.  0.  0.  0.  0.  1.  1.  1.  1.]    <--      orig: 12
	tr: [ 0.  0.  0.  0.  0.  0.  0.  0.  0.  0.]    <--      orig: 13
	tr: [ 0.  0.  0.  0.  0.  0. -1. -1. -1. -1.]    <--      orig: 14
	tr: [ 0.  0.  0.  0.  0. -1.  0.  0.  0.  0.]    <--      orig: 16
	tr: [ 0. -1. -1. -1. -1.  0.  1.  1.  1.  1.]    <--      orig: 20

-------------------------------

State 6 [ 1.  0.  0.  0.  0. -1.  1.  1.  1.  1.]
As origin
	tr: [ 0.  1.  1.  1.  1.  0. -1. -1. -1. -1.]    -->      dest: 10
	tr: [ 0.  1.  1.  1.  1.  0.  0.  0.  0.  0.]    -->      dest: 11


As destination

-------------------------------

State 3 [ 0.  1.  1.  1.  1.  1. -1. -1. -1. -1.]
As origin
	tr: [ 0.  0.  0.  0.  0. -1.  0.  0.  0.  0.]    -->      dest: 2
	tr: [ 1.  0.  0.  0.  0.  0.  0.  0.  0.  0.]    -->      dest: 15
	tr: [ 1.  0.  0.  0.  0.  0.  1.  1.  1.  1.]    -->      dest: 16


As destination
	tr: [ 0.  0.  0.  0.  0.  1.  0.  0.  0.  0.]    <--      orig: 2

-------------------------------

State 29 [ 2.  1.  1.  1.  1.  0. -1. -1. -1. -1.]
As origin
	tr: [ 0.  0.  0.  0.  0. -1.  0.  0.  0.  0.]    -->      dest: 26
	tr: [ 0.  0.  0.  0.  0.  0.  0.  0.  0.  0.]    -->      dest: 29
	tr: [ 0.  0.  0.  0.  0.  0.  1.  1.  1.  1.]    -->      dest: 30


As destination
	tr: [ 1.  0.  0.  0.  0. -1.  0.  0.  0.  0.]    <--      orig: 15
	tr: [ 1.  0.  0.  0.  0. -1. -1. -1. -1. -1.]    <--      orig: 16
	tr: [ 1. -1. -1. -1. -1. -1.  0.  0.  0.  0.]    <--      orig: 22
	tr: [ 0.  0.  0.  0.  0.  1.  0.  0.  0.  0.]    <--      orig: 26
	tr: [ 0.  0.  0.  0.  0.  0.  0.  0.  0.  0.]    <--      orig: 29
	tr: [ 0.  0.  0.  0.  0.  0. -1. -1. -1. -1.]    <--      orig: 30
	tr: [ 0. -1. -1. -1. -1.  0.  0.  0.  0.  0.]    <--      orig: 34

-------------------------------

State 19 [ 1.  2.  2.  2.  2. -1.  0.  0.  0.  0.]
As origin
	tr: [-1.  0.  0.  0.  0.  1. -1. -1. -1. -1.]    -->      dest: 4
	tr: [ 0.  0.  0.  0.  0.  0. -1. -1. -1. -1.]    -->      dest: 18
	tr: [ 0.  0.  0.  0.  0.  0.  0.  0.  0.  0.]    -->      dest: 19
	tr: [ 0.  0.  0.  0.  0.  1.  0.  0.  0.  0.]    -->      dest: 21


As destination
	tr: [ 0.  1.  1.  1.  1.  0. -1. -1. -1. -1.]    <--      orig: 11
	tr: [ 0.  0.  0.  0.  0.  0.  0.  0.  0.  0.]    <--      orig: 19
	tr: [ 0.  0.  0.  0.  0. -1.  0.  0.  0.  0.]    <--      orig: 21
	tr: [-1.  1.  1.  1.  1.  0. -1. -1. -1. -1.]    <--      orig: 28
	tr: [-1.  0.  0.  0.  0.  0.  0.  0.  0.  0.]    <--      orig: 33

-------------------------------

State 23 [ 1.  2.  2.  2.  2.  1.  0.  0.  0.  0.]
As origin
	tr: [ 0.  0.  0.  0.  0. -1.  0.  0.  0.  0.]    -->      dest: 21
	tr: [ 0.  0.  0.  0.  0.  0. -1. -1. -1. -1.]    -->      dest: 22
	tr: [ 0.  0.  0.  0.  0.  0.  0.  0.  0.  0.]    -->      dest: 23
	tr: [ 1.  0.  0.  0.  0. -1. -1. -1. -1. -1.]    -->      dest: 34
	tr: [ 1.  0.  0.  0.  0. -1.  0.  0.  0.  0.]    -->      dest: 35


As destination
	tr: [ 0.  1.  1.  1.  1.  0. -1. -1. -1. -1.]    <--      orig: 17
	tr: [ 0.  0.  0.  0.  0.  1.  0.  0.  0.  0.]    <--      orig: 21
	tr: [ 0.  0.  0.  0.  0.  0.  0.  0.  0.  0.]    <--      orig: 23

-------------------------------

State 34 [ 2.  2.  2.  2.  2.  0. -1. -1. -1. -1.]
As origin
	tr: [ 0. -1. -1. -1. -1.  0.  0.  0.  0.  0.]    -->      dest: 29
	tr: [ 0. -1. -1. -1. -1.  0.  1.  1.  1.  1.]    -->      dest: 30


As destination
	tr: [ 1.  0.  0.  0.  0. -1. -1. -1. -1. -1.]    <--      orig: 23
	tr: [ 0.  0.  0.  0.  0.  0. -1. -1. -1. -1.]    <--      orig: 35

-------------------------------

State 4 [ 0.  2.  2.  2.  2.  0. -1. -1. -1. -1.]
As origin
	tr: [ 0. -1. -1. -1. -1.  0.  0.  0.  0.  0.]    -->      dest: 2


As destination
	tr: [-1.  0.  0.  0.  0.  1. -1. -1. -1. -1.]    <--      orig: 19

-------------------------------

State 15 [ 1.  1.  1.  1.  1.  1. -1. -1. -1. -1.]
As origin
	tr: [ 0.  0.  0.  0.  0. -1.  0.  0.  0.  0.]    -->      dest: 12
	tr: [ 0.  0.  0.  0.  0.  0.  0.  0.  0.  0.]    -->      dest: 15
	tr: [ 0.  0.  0.  0.  0.  0.  1.  1.  1.  1.]    -->      dest: 16
	tr: [ 1.  0.  0.  0.  0. -1.  0.  0.  0.  0.]    -->      dest: 29
	tr: [ 1.  0.  0.  0.  0. -1.  1.  1.  1.  1.]    -->      dest: 30


As destination
	tr: [ 1.  0.  0.  0.  0.  0.  0.  0.  0.  0.]    <--      orig: 3
	tr: [ 1. -1. -1. -1. -1.  0.  0.  0.  0.  0.]    <--      orig: 5
	tr: [ 0.  0.  0.  0.  0.  1.  0.  0.  0.  0.]    <--      orig: 12
	tr: [ 0.  0.  0.  0.  0.  0.  0.  0.  0.  0.]    <--      orig: 15
	tr: [ 0.  0.  0.  0.  0.  0. -1. -1. -1. -1.]    <--      orig: 16
	tr: [ 0. -1. -1. -1. -1.  0.  0.  0.  0.  0.]    <--      orig: 22

-------------------------------

State 30 [ 2.  1.  1.  1.  1.  0.  0.  0.  0.  0.]
As origin
	tr: [ 0.  0.  0.  0.  0. -1.  0.  0.  0.  0.]    -->      dest: 27
	tr: [ 0.  0.  0.  0.  0.  0. -1. -1. -1. -1.]    -->      dest: 29
	tr: [ 0.  0.  0.  0.  0.  0.  0.  0.  0.  0.]    -->      dest: 30
	tr: [ 0.  0.  0.  0.  0.  0.  1.  1.  1.  1.]    -->      dest: 31


As destination
	tr: [ 1.  1.  1.  1.  1. -1. -1. -1. -1. -1.]    <--      orig: 8
	tr: [ 1.  0.  0.  0.  0. -1.  1.  1.  1.  1.]    <--      orig: 15
	tr: [ 1.  0.  0.  0.  0. -1.  0.  0.  0.  0.]    <--      orig: 16
	tr: [ 1.  0.  0.  0.  0. -1. -1. -1. -1. -1.]    <--      orig: 17
	tr: [ 1. -1. -1. -1. -1. -1.  1.  1.  1.  1.]    <--      orig: 22
	tr: [ 0.  1.  1.  1.  1.  0. -1. -1. -1. -1.]    <--      orig: 25
	tr: [ 0.  0.  0.  0.  0.  1.  0.  0.  0.  0.]    <--      orig: 27
	tr: [ 0.  0.  0.  0.  0.  0.  1.  1.  1.  1.]    <--      orig: 29
	tr: [ 0.  0.  0.  0.  0.  0.  0.  0.  0.  0.]    <--      orig: 30
	tr: [ 0.  0.  0.  0.  0.  0. -1. -1. -1. -1.]    <--      orig: 31
	tr: [ 0. -1. -1. -1. -1.  0.  1.  1.  1.  1.]    <--      orig: 34

-------------------------------

State 17 [ 1.  1.  1.  1.  1.  1.  1.  1.  1.  1.]
As origin
	tr: [ 0.  0.  0.  0.  0. -1.  0.  0.  0.  0.]    -->      dest: 14
	tr: [ 0.  0.  0.  0.  0.  0. -1. -1. -1. -1.]    -->      dest: 16
	tr: [ 0.  0.  0.  0.  0.  0.  0.  0.  0.  0.]    -->      dest: 17
	tr: [ 0.  1.  1.  1.  1.  0. -1. -1. -1. -1.]    -->      dest: 23
	tr: [ 1.  0.  0.  0.  0. -1. -1. -1. -1. -1.]    -->      dest: 30
	tr: [ 1.  0.  0.  0.  0. -1.  0.  0.  0.  0.]    -->      dest: 31
	tr: [ 1.  1.  1.  1.  1. -1. -1. -1. -1. -1.]    -->      dest: 35


As destination
	tr: [ 0.  1.  1.  1.  1.  0.  0.  0.  0.  0.]    <--      orig: 8
	tr: [ 0.  0.  0.  0.  0.  1.  0.  0.  0.  0.]    <--      orig: 14
	tr: [ 0.  0.  0.  0.  0.  0.  1.  1.  1.  1.]    <--      orig: 16
	tr: [ 0.  0.  0.  0.  0.  0.  0.  0.  0.  0.]    <--      orig: 17

-------------------------------

State 12 [ 1.  1.  1.  1.  1.  0. -1. -1. -1. -1.]
As origin
	tr: [ 0.  0.  0.  0.  0. -1.  0.  0.  0.  0.]    -->      dest: 9
	tr: [ 0.  0.  0.  0.  0.  0.  0.  0.  0.  0.]    -->      dest: 12
	tr: [ 0.  0.  0.  0.  0.  0.  1.  1.  1.  1.]    -->      dest: 13
	tr: [ 0.  0.  0.  0.  0.  1.  0.  0.  0.  0.]    -->      dest: 15


As destination
	tr: [ 0.  0.  0.  0.  0.  1.  0.  0.  0.  0.]    <--      orig: 9
	tr: [ 0.  0.  0.  0.  0.  0.  0.  0.  0.  0.]    <--      orig: 12
	tr: [ 0.  0.  0.  0.  0.  0. -1. -1. -1. -1.]    <--      orig: 13
	tr: [ 0.  0.  0.  0.  0. -1.  0.  0.  0.  0.]    <--      orig: 15
	tr: [ 0. -1. -1. -1. -1.  0.  0.  0.  0.  0.]    <--      orig: 20

-------------------------------

State 16 [ 1.  1.  1.  1.  1.  1.  0.  0.  0.  0.]
As origin
	tr: [ 0.  0.  0.  0.  0. -1.  0.  0.  0.  0.]    -->      dest: 13
	tr: [ 0.  0.  0.  0.  0.  0. -1. -1. -1. -1.]    -->      dest: 15
	tr: [ 0.  0.  0.  0.  0.  0.  0.  0.  0.  0.]    -->      dest: 16
	tr: [ 0.  0.  0.  0.  0.  0.  1.  1.  1.  1.]    -->      dest: 17
	tr: [ 1.  0.  0.  0.  0. -1. -1. -1. -1. -1.]    -->      dest: 29
	tr: [ 1.  0.  0.  0.  0. -1.  0.  0.  0.  0.]    -->      dest: 30
	tr: [ 1.  0.  0.  0.  0. -1.  1.  1.  1.  1.]    -->      dest: 31


As destination
	tr: [ 1.  0.  0.  0.  0.  0.  1.  1.  1.  1.]    <--      orig: 3
	tr: [ 1. -1. -1. -1. -1.  0.  1.  1.  1.  1.]    <--      orig: 5
	tr: [ 0.  1.  1.  1.  1.  0. -1. -1. -1. -1.]    <--      orig: 8
	tr: [ 0.  0.  0.  0.  0.  1.  0.  0.  0.  0.]    <--      orig: 13
	tr: [ 0.  0.  0.  0.  0.  0.  1.  1.  1.  1.]    <--      orig: 15
	tr: [ 0.  0.  0.  0.  0.  0.  0.  0.  0.  0.]    <--      orig: 16
	tr: [ 0.  0.  0.  0.  0.  0. -1. -1. -1. -1.]    <--      orig: 17
	tr: [ 0. -1. -1. -1. -1.  0.  1.  1.  1.  1.]    <--      orig: 22

-------------------------------

State 21 [ 1.  2.  2.  2.  2.  0.  0.  0.  0.  0.]
As origin
	tr: [ 0.  0.  0.  0.  0. -1.  0.  0.  0.  0.]    -->      dest: 19
	tr: [ 0.  0.  0.  0.  0.  0. -1. -1. -1. -1.]    -->      dest: 20
	tr: [ 0.  0.  0.  0.  0.  0.  0.  0.  0.  0.]    -->      dest: 21
	tr: [ 0.  0.  0.  0.  0.  1.  0.  0.  0.  0.]    -->      dest: 23


As destination
	tr: [ 0.  1.  1.  1.  1.  0. -1. -1. -1. -1.]    <--      orig: 14
	tr: [ 0.  0.  0.  0.  0.  1.  0.  0.  0.  0.]    <--      orig: 19
	tr: [ 0.  0.  0.  0.  0.  0.  0.  0.  0.  0.]    <--      orig: 21
	tr: [ 0.  0.  0.  0.  0. -1.  0.  0.  0.  0.]    <--      orig: 23

-------------------------------

State 32 [ 2.  2.  2.  2.  2. -1. -1. -1. -1. -1.]
As origin
	tr: [-1. -1. -1. -1. -1.  0.  0.  0.  0.  0.]    -->      dest: 9
	tr: [-1. -1. -1. -1. -1.  0.  1.  1.  1.  1.]    -->      dest: 10


As destination

-------------------------------


**** State Graph Statistics ****
Initial number of states: 59049
Number of valid states: 36
Number of states in graph: 36
Number of origin states: 36
Number of destination states: 30
Number of transitions: 126

**** Self Looping Nodes: 18 ****
[0, 2, 9, 10, 11, 12, 13, 14, 15, 16, 17, 19, 21, 23, 29, 30, 31, 35]

**** States removed from graph due to transition validity checking: 0.0 ****
